Temperature at Iteration 20
    0   100
    1 82.152
    2 65.9058
    3 49.2892
    4 36.6771
    5 23.1843
    6 14.312
    7 3.96179
    8 -2.69375
    9 -11.1975
   10 -17.4995
   11 -25.4034
   12 -32.3813
   13   -40
Execution Time = 0.000208 Seconds
64 bit Checksum = 185589953697153024
Temperature at Iteration 20
    0   100
    1 82.152
    2 65.9058
    3 49.2892
    4 36.6771
    5 23.1843
    6 14.312
    7 3.96179
    8 -2.69375
    9 -11.1975
   10 -17.4995
   11 -25.4034
   12 -32.3813
   13   -40
Execution Time = 0.000459 Seconds
64 bit Checksum = 185589953697153024
Temperature at Iteration 20
    0   100
    1 82.152
    2 65.9058
    3 49.2892
    4 36.6771
    5 23.1843
    6 14.312
    7 3.96179
    8 -2.69375
    9 -11.1975
   10 -17.4995
   11 -25.4034
   12 -32.3813
   13   -40
Execution Time = 0.000423 Seconds
64 bit Checksum = 185589953697153024
Temperature at Iteration 20
    0   100
    1 82.152
    2 65.9058
    3 49.2892
    4 36.6771
    5 23.1843
    6 14.312
    7 3.96179
    8 -2.69375
    9 -11.1975
   10 -17.4995
   11 -25.4034
   12 -32.3813
   13   -40
Execution Time = 0.000466 Seconds
64 bit Checksum = 185589953697153024
